Divergent transitions: 0
E-BFMI per chain: 0.91, 0.826, 0.792, 0.891

Parameter summary:
        variable     mean   median       sd      mad       q5      q95   rhat
1  alpha_tcp_new -1.31844 -1.33802 0.452010 0.427938 -2.03864 -0.55893 1.0009
2  alpha_udp_new -1.03541 -1.03989 0.207424 0.171668 -1.36016 -0.70098 1.0006
3  alpha_tcp_end -1.41057 -1.42998 0.468054 0.427983 -2.14978 -0.62492 1.0004
4  alpha_udp_end -1.04476 -1.04746 0.205848 0.167450 -1.37805 -0.72054 1.0006
5  sigma_tcp_new  1.12952  1.06641 0.343090 0.310727  0.68038  1.78274 1.0004
6  sigma_udp_new  0.44422  0.39205 0.215531 0.157952  0.21452  0.84730 1.0013
7  sigma_tcp_end  1.11935  1.05866 0.349750 0.311606  0.66829  1.77230 1.0022
8  sigma_udp_end  0.43662  0.38854 0.204835 0.153775  0.21445  0.83848 1.0020
9    phi_tcp_new  0.23306  0.23298 0.005798 0.006052  0.22365  0.24259 1.0033
10   phi_udp_new  0.05348  0.05348 0.001348 0.001324  0.05128  0.05572 1.0006
11   phi_tcp_end  0.81807  0.81769 0.026994 0.026728  0.77401  0.86351 1.0008
12   phi_udp_end  0.06339  0.06336 0.001597 0.001593  0.06076  0.06600 1.0016
13 mu_tcp_new[1]  0.27558  0.27544 0.009087 0.009231  0.26094  0.29072 1.0005
14 mu_tcp_new[2]  0.35283  0.35240 0.020723 0.020047  0.31943  0.38786 1.0003
15 mu_tcp_new[3]  0.11752  0.11745 0.004937 0.005000  0.10946  0.12546 1.0005
16 mu_tcp_new[4]  0.06589  0.06579 0.004808 0.004854  0.05809  0.07395 1.0030
17 mu_tcp_new[5]  1.07499  1.07477 0.028689 0.028732  1.02868  1.12410 1.0003
18 mu_udp_new[1]  0.31651  0.31593 0.017147 0.016769  0.28930  0.34545 1.0005
19 mu_udp_new[2]  0.29665  0.29471 0.029222 0.027475  0.25237  0.34853 1.0002
20 mu_udp_new[3]  0.31452  0.31379 0.017099 0.017390  0.28755  0.34358 1.0008
21 mu_udp_new[4]  0.30365  0.30223 0.024063 0.022682  0.26695  0.34564 1.0031
22 mu_udp_new[5]  0.61357  0.61226 0.032789 0.032784  0.56124  0.66899 1.0032
23 mu_tcp_end[1]  0.26528  0.26522 0.007111 0.007239  0.25384  0.27714 0.9998
24 mu_tcp_end[2]  0.28143  0.28136 0.013439 0.013710  0.25940  0.30397 1.0012
25 mu_tcp_end[3]  0.10814  0.10807 0.004120 0.004091  0.10140  0.11511 1.0011
26 mu_tcp_end[4]  0.06044  0.06037 0.004314 0.004395  0.05352  0.06779 1.0002
27 mu_tcp_end[5]  0.95934  0.95906 0.016823 0.017043  0.93193  0.98696 1.0006
28 mu_udp_end[1]  0.31617  0.31547 0.016784 0.016984  0.28978  0.34430 1.0004
29 mu_udp_end[2]  0.29606  0.29499 0.027414 0.026967  0.25318  0.34313 1.0004
30 mu_udp_end[3]  0.31469  0.31409 0.016424 0.016696  0.28915  0.34228 1.0003
31 mu_udp_end[4]  0.30326  0.30257 0.022030 0.021874  0.26909  0.34036 1.0028
32 mu_udp_end[5]  0.61365  0.61346 0.031470 0.031226  0.56319  0.66667 1.0001
   ess_bulk ess_tail
1      1990     2494
2      2225     2403
3      1816     1804
4      1885     2005
5      1962     2141
6      1529     2291
7      2261     2379
8      1468     1950
9      6034     2881
10     7211     2858
11     7170     2940
12     6561     2890
13     3611     2815
14     4118     2622
15     3837     2902
16     4072     3334
17     4168     2582
18     4443     3153
19     4620     2693
20     4462     3363
21     4246     2781
22     3773     2978
23     3804     3109
24     3905     2627
25     3806     3081
26     4147     2974
27     3802     2874
28     4299     3450
29     4639     2853
30     4135     3425
31     4276     3012
32     3836     2809

Max Rhat: 1.0033 (phi_tcp_new)
Min Bulk ESS: 1468 (sigma_udp_end)
Min Tail ESS: 1804 (alpha_tcp_end)
